version https://git-lfs.github.com/spec/v1
oid sha256:e9ad8a9411abc4a7bb52daed06c03ea3749a57fe33d8e0d5201c5e615ee3ec6d
size 173456
